2000
11 6
4 28
13 17
18 8
21 42
26 22
17 10
26 13
27 44
21 40
11 24
29 35
10 47
28 37
33 34
13 46
31 25
37 20
36 49
8 45
6 23
12 31
21 38
39 38
6 3
23 35
36 21
20 39
25 49
6 4
3 8
30 2
14 34
19 42
24 30
35 33
7 9
31 8
9 4
27 29
22 3
12 43
22 9
5 18
29 3
30 7
23 28
5 13
21 14
5 32
32 34
17 17
24 38
9 16
20 2
21 50
25 6
24 11
13 12
35 44
14 49
25 12
29 15
10 44
19 6
1 43
11 11
33 27
7 11
32 46
34 13
33 23
11 23
17 22
13 45
7 12
8 47
21 20
44 22
11 41
11 8
39 21
23 4
9 24
18 13
47 2
18 24
10 41
13 14
48 49
28 13
49 41
18 47
11 18
35 46
5 34
46 42
1 17
45 30
30 30
7 35
20 49
15 1
38 19
43 48
31 12
50 41
41 4
23 23
20 23
3 27
1 26
17 32
2 15
2 14
43 14
18 16
45 7
35 48
31 28
9 25
50 25
25 31
9 27
47 22
33 20
11 37
31 41
24 24
37 24
21 44
39 34
14 31
24 29
36 34
10 19
43 4
45 7
21 40
35 34
27 39
13 38
3 30
12 32
17 48
9 13
45 40
23 43
34 13
20 12
31 28
35 45
27 50
17 39
41 19
16 43
17 21
8 47
18 33
42 35
43 7
20 33
46 25
32 25
43 30
26 11
4 47
23 12
28 34
26 14
19 2
44 13
43 30
34 9
48 33
23 33
39 12
39 50
22 26
29 4
3 20
23 11
16 24
24 30
46 8
23 25
19 39
3 29
22 19
22 35
1 19
42 29
30 3
43 24
27 3
6 2
29 5
10 11
32 19
8 18
34 1
1 40
18 42
4 49
1 31
50 14
16 49
28 18
17 4
32 9
6 36
32 34
6 21
42 32
7 22
16 42
46 7
37 34
43 40
1 43
8 29
32 50
41 29
36 49
21 20
28 8
6 21
20 29
42 31
27 5
15 21
15 19
18 6
35 8
24 20
14 38
32 46
44 3
27 3
45 11
9 47
21 28
29 41
22 48
8 9
50 9
37 7
29 20
22 19
8 42
5 20
16 5
49 16
45 33
12 8
22 44
2 29
39 41
21 10
3 24
10 10
24 40
37 11
48 27
35 28
4 16
20 47
35 13
6 46
18 18
4 6
31 27
47 33
29 6
48 44
10 47
31 18
28 22
32 18
13 32
15 23
22 9
25 19
46 33
22 30
50 25
7 29
17 47
46 4
4 11
43 48
20 39
40 26
49 7
34 37
50 42
6 13
24 46
8 15
45 40
2 50
23 49
45 3
19 21
39 37
1 9
8 25
18 2
17 38
33 23
14 47
17 11
5 9
26 6
43 5
39 7
30 4
38 33
16 30
43 43
20 6
41 40
11 29
42 35
49 50
29 47
30 39
16 26
45 8
12 35
12 11
1 29
22 31
11 39
25 26
4 31
16 46
15 44
31 37
13 33
28 40
22 16
29 4
41 26
19 14
5 14
46 38
4 39
2 50
35 15
15 39
50 6
49 42
5 13
26 31
23 19
28 15
29 26
42 18
19 15
1 1
3 14
21 25
39 37
8 11
8 5
11 21
37 29
20 5
12 12
10 3
34 15
25 32
45 50
20 27
5 20
30 19
34 48
29 27
28 3
27 39
42 35
8 41
3 48
40 16
8 11
30 22
10 13
4 34
4 50
24 11
9 50
39 27
1 47
20 42
37 49
43 14
26 46
27 33
26 46
27 30
18 41
10 41
41 6
13 17
34 41
7 29
5 22
9 4
28 40
27 26
7 1
23 48
39 44
36 36
14 20
9 48
10 23
18 45
7 44
8 32
7 13
41 35
16 35
23 37
50 12
41 25
19 18
27 46
1 31
25 22
35 49
31 43
30 27
44 7
24 40
22 25
11 3
42 41
4 22
42 11
46 28
48 24
40 48
46 26
50 4
26 11
41 36
42 29
37 12
2 12
4 8
45 27
12 27
46 18
12 6
28 3
36 41
46 17
18 33
21 28
21 32
29 1
19 34
45 1
19 31
23 38
14 47
10 44
37 10
39 29
39 7
2 11
49 32
50 19
16 25
15 40
18 45
8 42
48 9
18 19
16 14
2 42
47 20
45 47
12 19
15 30
24 47
37 39
34 39
25 32
50 30
28 41
4 9
13 16
15 8
48 35
5 14
19 35
18 36
38 26
16 6
6 9
46 11
28 47
36 37
26 34
3 38
41 8
32 2
44 34
8 34
29 50
29 14
34 3
21 30
8 13
3 48
9 44
15 9
6 4
13 50
36 32
42 38
22 10
18 25
26 17
37 10
26 16
1 39
36 8
35 48
45 39
21 50
14 46
28 49
28 34
10 49
37 13
40 49
29 11
1 26
4 34
20 8
29 6
43 34
24 40
48 38
11 24
25 37
29 1
3 3
37 50
10 49
37 11
42 49
48 44
20 34
20 3
9 6
6 31
50 5
36 1
24 10
27 26
20 29
41 46
24 3
44 32
21 27
38 7
24 21
49 44
18 26
33 22
35 2
46 5
47 47
24 45
17 13
37 29
7 49
8 49
2 27
2 32
8 50
10 18
5 34
25 49
32 32
18 9
37 8
14 23
29 27
31 12
49 15
45 17
30 50
17 44
17 18
11 23
16 20
50 20
14 14
48 25
6 30
44 12
37 37
16 31
32 21
32 40
43 43
12 21
29 42
21 19
11 40
29 7
23 18
46 35
42 20
17 17
26 12
23 2
39 46
26 24
17 30
25 38
46 40
28 18
23 15
2 45
44 50
41 30
49 1
32 9
24 40
25 48
30 28
21 2
21 37
17 30
28 2
28 50
46 37
12 39
3 48
8 18
12 16
5 22
12 14
9 44
12 41
29 39
7 46
35 16
41 1
39 47
9 3
47 25
23 48
38 4
47 38
19 6
13 48
9 34
19 13
38 43
5 6
39 26
38 50
40 9
7 48
28 26
18 38
46 40
48 4
9 30
24 48
43 11
44 12
5 9
45 39
3 33
40 30
11 27
12 3
41 49
21 24
33 28
46 12
49 34
7 37
33 13
20 11
14 17
6 43
38 43
26 17
3 50
24 2
5 41
40 32
10 4
50 21
12 39
2 42
50 43
6 18
14 34
31 12
37 35
12 36
42 30
25 4
41 44
8 42
33 15
46 21
11 11
20 3
31 12
13 28
18 35
4 30
3 45
45 23
20 8
25 28
40 2
40 43
37 38
1 15
43 9
39 47
27 17
43 14
20 27
16 7
28 42
22 10
17 27
49 14
44 8
47 17
17 10
18 46
46 6
45 33
30 36
37 4
49 5
28 28
46 18
12 33
22 19
42 36
48 3
42 28
42 4
17 20
35 27
44 5
12 23
1 13
44 8
40 5
19 50
32 6
12 11
20 5
12 11
4 29
21 32
18 37
1 5
16 20
47 9
10 11
28 44
24 41
50 8
49 30
46 30
10 44
43 33
11 38
32 10
8 38
29 8
9 38
41 20
34 20
34 38
18 25
32 31
14 49
32 7
2 41
48 42
42 19
26 32
10 42
25 40
11 37
40 2
27 38
39 1
10 15
32 16
27 19
37 43
50 18
4 38
22 46
9 23
14 9
18 47
18 39
27 21
34 6
18 27
25 21
24 7
4 5
49 38
44 47
1 26
38 27
2 23
39 23
7 46
13 37
24 6
6 16
44 14
15 42
34 3
19 47
25 11
27 12
27 38
7 50
26 10
12 1
50 28
47 9
6 49
21 7
47 36
6 14
6 43
43 30
35 29
40 25
16 5
6 16
3 14
29 22
29 48
37 49
45 13
45 23
27 46
21 18
7 34
13 38
47 27
31 19
1 35
48 36
7 32
21 31
2 40
30 39
37 31
13 41
13 9
13 36
20 29
50 15
27 48
9 38
3 39
42 8
26 14
22 39
20 39
8 6
29 7
46 11
28 12
8 48
23 50
31 11
12 44
5 10
10 20
16 6
28 7
25 32
16 28
2 26
29 40
19 47
15 8
8 48
21 44
36 45
13 27
1 33
7 39
36 22
11 6
18 15
11 20
15 8
49 12
18 4
2 30
31 28
30 2
33 22
26 46
18 3
23 23
12 30
45 6
17 33
47 49
37 27
46 49
48 4
5 43
13 25
22 32
18 4
29 29
26 1
50 44
29 42
50 20
34 44
33 44
47 13
16 44
34 3
41 39
28 28
42 6
6 13
6 26
14 39
23 23
27 7
21 36
44 23
33 48
15 3
37 12
33 45
48 5
47 26
32 29
43 45
40 38
39 38
1 42
50 41
37 32
1 47
41 2
36 38
13 2
23 44
17 10
23 23
47 1
33 3
40 41
1 34
16 16
36 38
3 2
28 6
34 36
20 39
45 44
48 31
50 20
20 5
42 14
38 10
7 48
38 11
36 20
40 43
49 37
46 44
10 34
7 49
14 41
35 10
1 8
10 42
7 29
38 7
12 20
32 8
31 22
39 18
35 15
38 48
6 46
6 35
14 47
35 11
6 29
4 42
19 22
34 43
17 47
48 32
49 1
35 32
30 32
16 50
34 37
4 47
36 43
28 33
37 44
32 30
30 33
40 28
38 25
32 5
25 41
10 19
32 5
33 37
9 28
9 7
21 50
41 21
28 39
24 22
16 17
24 31
41 8
2 8
25 15
31 42
48 45
17 4
12 46
30 8
15 34
2 27
11 13
37 25
6 24
27 11
46 40
12 21
7 14
17 34
16 34
27 46
16 44
8 3
7 5
31 29
28 15
48 6
4 37
38 12
34 15
26 29
49 11
17 5
9 4
22 33
24 5
27 16
9 24
15 1
29 5
1 42
14 5
31 48
44 34
44 28
35 47
41 34
47 9
27 24
13 19
13 1
50 38
37 29
49 28
38 30
50 6
3 20
43 11
45 17
26 14
36 23
17 5
14 5
11 26
6 17
36 23
46 21
34 38
47 33
9 22
37 38
26 33
45 49
45 10
6 30
5 38
4 46
25 5
49 36
46 44
12 24
7 18
17 20
12 6
6 39
23 4
23 10
4 11
22 2
47 20
10 44
31 14
40 28
9 12
45 26
40 13
31 39
4 45
45 20
33 50
14 37
4 29
33 25
20 32
19 12
38 5
50 8
13 19
7 26
22 16
49 20
29 34
9 37
35 10
32 28
25 30
23 41
31 33
36 48
21 5
2 39
7 32
15 32
37 5
37 39
45 5
21 3
24 7
45 31
45 38
34 17
45 20
22 29
11 39
40 45
41 35
37 24
48 47
23 21
33 34
8 14
33 18
10 4
7 19
34 42
13 32
13 33
6 36
5 46
49 29
27 20
7 26
34 11
31 34
27 35
47 13
34 38
42 1
26 4
28 23
37 14
44 14
40 24
40 32
40 40
44 29
22 13
45 40
12 27
44 14
45 14
7 44
9 45
13 26
30 7
32 23
1 49
22 47
42 9
37 14
16 4
49 20
35 43
14 3
28 21
2 42
4 21
46 31
34 44
30 46
19 39
50 44
49 33
30 4
1 45
48 39
1 8
19 12
13 14
18 40
47 49
28 34
29 18
26 35
29 14
27 48
12 20
40 12
13 2
19 32
4 3
16 27
44 44
5 14
1 44
30 38
15 22
40 26
26 50
27 11
41 39
42 6
39 22
19 38
21 5
7 11
24 30
46 28
26 7
42 11
45 24
24 40
24 23
8 7
39 35
25 41
41 28
23 32
3 47
6 8
33 48
2 3
33 17
10 28
5 41
21 37
48 49
25 31
6 46
30 40
28 15
15 47
14 29
10 7
48 17
50 27
31 27
38 49
43 3
45 37
40 29
43 15
8 3
36 45
22 43
50 5
47 11
43 22
28 32
27 2
26 43
21 30
2 47
20 34
4 26
35 44
37 17
17 37
39 40
17 38
42 32
20 29
2 8
48 49
6 28
24 9
34 25
37 25
33 38
30 7
4 25
10 43
46 22
40 23
39 39
32 5
12 50
34 19
30 40
13 43
47 22
34 18
29 36
15 10
27 29
35 20
37 5
7 27
17 48
49 30
30 17
38 16
39 19
12 34
46 42
37 14
15 3
7 37
24 11
4 48
11 8
9 37
13 44
33 10
47 24
10 6
15 15
29 19
32 6
44 37
16 8
38 24
17 45
29 22
39 15
13 38
16 31
43 29
24 19
15 19
14 36
38 42
10 27
14 43
1 31
37 10
20 48
45 7
44 30
16 45
45 29
33 7
11 27
6 45
42 6
16 39
27 39
14 4
34 37
49 6
25 5
2 26
10 28
20 5
45 11
18 42
45 33
37 42
50 2
44 11
17 15
40 40
31 10
15 40
26 21
48 32
13 38
17 50
19 45
35 37
11 27
8 21
50 39
7 26
19 24
11 14
6 39
42 12
12 50
17 7
9 39
47 44
40 49
45 12
12 31
29 47
11 30
47 36
40 46
19 8
34 28
46 40
1 30
11 35
47 44
40 27
50 45
17 14
28 41
50 18
16 2
6 28
19 50
27 40
24 20
25 45
10 15
39 39
31 21
18 46
44 17
10 44
10 35
12 20
45 27
50 5
4 30
38 42
48 28
3 6
2 29
22 24
25 31
19 30
4 37
4 21
48 48
40 29
5 24
7 49
13 16
38 17
17 49
27 14
26 22
47 34
28 45
33 36
49 12
35 1
11 32
32 40
40 24
40 48
16 44
1 23
49 48
3 25
10 10
42 12
29 36
20 28
2 28
13 15
10 36
49 42
11 14
38 8
27 47
43 13
18 24
39 14
4 15
42 20
24 39
22 35
11 50
33 49
43 12
34 24
1 25
41 5
26 37
5 32
15 36
23 11
20 38
14 28
20 36
49 26
13 3
46 1
40 35
1 1
24 49
40 48
8 50
49 47
37 47
4 22
23 19
46 16
10 18
29 4
8 46
37 40
31 21
5 17
3 18
45 36
39 24
23 38
19 31
5 2
39 9
30 46
8 22
40 41
3 42
32 45
26 49
47 24
3 43
43 20
7 26
24 48
14 27
43 33
40 7
35 40
15 15
16 13
42 41
12 39
38 26
50 15
29 50
29 42
16 43
36 23
14 40
37 14
39 10
30 37
28 19
36 36
5 35
1 12
37 16
39 29
36 22
14 10
13 42
9 44
46 48
37 6
13 35
50 13
35 15
28 44
33 13
33 23
45 19
21 24
39 47
39 30
11 14
21 14
47 27
23 42
26 46
24 9
42 4
45 19
40 24
16 30
43 21
48 42
45 34
49 40
50 21
41 48
43 25
27 15
18 17
4 18
39 37
23 41
37 32
10 24
29 43
13 31
1 17
17 28
26 8
49 45
17 11
21 48
37 50
26 31
1 38
20 14
39 27
6 13
25 2
20 26
13 39
28 45
24 27
27 5
25 47
31 47
3 43
43 10
7 26
31 21
38 16
46 14
36 38
36 7
35 23
29 4
44 21
33 15
23 40
2 20
6 29
24 32
11 6
10 48
31 41
5 26
3 38
41 25
22 7
24 35
45 10
16 24
27 3
33 20
32 50
37 25
46 46
25 46
24 37
35 20
19 27
3 35
15 13
33 34
18 12
24 7
36 48
36 45
16 46
30 45
47 26
18 46
40 25
47 9
3 16
12 47
29 49
4 14
21 48
8 31
21 16
48 16
5 20
42 19
50 12
24 20
17 18
43 14
14 6
24 29
23 12
38 17
29 36
27 26
35 21
24 35
32 48
22 19
20 41
24 44
9 36
23 40
16 32
44 48
38 31
18 22
6 27
12 12
24 4
26 35
12 16
27 4
49 11
7 14
11 8
2 14
49 40
40 32
34 4
20 12
44 26
16 30
46 23
8 12
29 31
24 30
36 8
50 32
11 12
23 20
47 11
4 3
32 9
14 9
27 15
11 27
8 49
19 43
7 39
32 32
14 8
21 13
20 31
39 25
10 8
34 17
11 13
12 3
49 35
20 39
29 16
43 42
17 1
21 22
28 7
20 37
38 35
43 37
47 28
37 44
24 27
43 50
23 30
36 20
33 17
6 24
17 46
40 48
47 33
8 15
12 21
34 43
39 13
12 40
41 20
7 19
29 18
16 6
8 27
46 11
40 47
45 13
14 28
33 48
35 12
16 7
13 7
48 29
3 16
16 12
28 10
11 43
29 3
25 22
10 48
3 17
21 49
47 7
37 23
36 21
8 19
22 18
11 27
17 24
25 21
44 36
36 29
37 36
39 7
14 11
35 16
23 2
49 4
8 10
35 8
33 22
40 38
43 38
31 33
26 24
41 39
48 46
13 19
29 37
7 1
15 41
30 21
2 20
21 46
35 44
36 43
23 19
24 13
46 24
21 3
49 11
27 32
19 14
10 12
7 34
19 43
11 15
2 18
41 36
47 19
21 19
36 41
32 48
17 15
43 36
3 17
6 44
4 19
32 9
11 38
15 17
31 11
47 20
47 33
4 1
30 4
21 29
37 29
23 2
48 47
33 12
41 3
1 10
6 14
23 21
6 27
44 38
37 29
50 31
44 4
9 34
50 6
4 2
49 24
48 13
48 7
41 35
23 12
47 41
43 38
11 50
10 22
26 13
15 22
8 32
37 32
30 23
2 30
42 37
29 13
40 31
47 14
8 2
46 12
12 18
28 40
16 23
29 14
42 19
45 42
36 38
45 26
48 23
42 5
25 5
15 15
10 41
6 26
30 50
27 31
9 35
35 29
2 18
3 49
26 45
35 47
27 8
42 30
20 34
39 47
26 17
29 22
11 41
13 36
14 44
25 49
8 38
12 13
5 31
11 13
26 45
11 33
45 37
47 26
30 11
39 18
19 3
47 27
32 32
4 33
49 42
28 20
17 46
40 5
12 43
8 13
48 30
3 18
34 3
14 30
13 49
11 48
1 3
48 10
14 30
12 25
31 22
13 21
46 32
31 18
17 16
50 35
